20.00	30.00	0.00	0.80	0.969	0.007	0.007	
30.00	40.00	0.00	0.80	0.926	0.003	0.003	
40.00	50.00	0.00	0.80	0.969	0.002	0.002	
50.00	1000.00	0.00	0.80	0.975	0.000	0.000
20.00	30.00	0.8	1.4442	0.935	0.017	0.017	
30.00	40.00	0.8	1.4442	0.945	0.004	0.004	
40.00	50.00	0.8	1.4442	0.964	0.002	0.002	
50.00	1000.00	0.8	1.4442	0.974	0.002	0.002
20.00	30.00	1.4442	1.5660	1.032	0.039	0.039	
30.00	40.00	1.4442	1.5660	0.907	0.015	0.015	
40.00	50.00	1.4442	1.5660	0.957	0.022	0.022	
50.00	1000.00	1.4442	1.5660	0.877	0.020	0.020
20.00	30.00	1.5660	2.5	0.919	0.014	0.014	
30.00	40.00	1.5660	2.5	0.926	0.005	0.005	
40.00	50.00	1.5660	2.5	0.952	0.003	0.003	
50.00	1000.00	1.5660	2.5	0.950	0.005	0.005	
