     10.00      15.00       0.00       0.80      0.838      0.024      0.024
     15.00      20.00       0.00       0.80      0.942      0.011      0.011
     20.00      30.00       0.00       0.80      0.980      0.001      0.003
     30.00      40.00       0.00       0.80      0.982      0.001      0.001
     40.00      50.00       0.00       0.80      0.985      0.001      0.001
     50.00     200.00       0.00       0.80      0.984      0.001      0.001
     10.00      15.00       0.80       1.44      0.861      0.024      0.024
     15.00      20.00       0.80       1.44      0.925      0.012      0.013
     20.00      30.00       0.80       1.44      0.955      0.004      0.004
     30.00      40.00       0.80       1.44      0.965      0.002      0.002
     40.00      50.00       0.80       1.44      0.974      0.001      0.001
     50.00     200.00       0.80       1.44      0.978      0.001      0.001
     10.00      15.00       1.44       1.56      1.021      0.101      0.110
     15.00      20.00       1.44       1.56      0.889      0.040      0.041
     20.00      30.00       1.44       1.56      0.996      0.018      0.018
     30.00      40.00       1.44       1.56      0.989      0.008      0.008
     40.00      50.00       1.44       1.56      0.961      0.004      0.004
     50.00     200.00       1.44       1.56      0.982      0.007      0.007
     10.00      15.00       1.56       2.00      0.951      0.053      0.054
     15.00      20.00       1.56       2.00      0.932      0.024      0.025
     20.00      30.00       1.56       2.00      0.970      0.008      0.008
     30.00      40.00       1.56       2.00      0.968      0.003      0.003
     40.00      50.00       1.56       2.00      0.989      0.001      0.001
     50.00     200.00       1.56       2.00      0.991      0.004      0.004
     10.00      15.00       2.00       2.50      1.055      0.054      0.056
     15.00      20.00       2.00       2.50      0.984      0.024      0.025
     20.00      30.00       2.00       2.50      1.027      0.008      0.008
     30.00      40.00       2.00       2.50      1.018      0.002      0.004
     40.00      50.00       2.00       2.50      1.012      0.002      0.002
     50.00     200.00       2.00       2.50      1.008      0.003      0.003
