10 20 0.0 0.9   0.975506202184 0.00471701006759 0.00473181328798
10 20 0.9 1.2   1.00452783959 0.00523620543736 0.000873919902796
10 20 1.2 2.1   1.00220514615 0.000438024111997 0.000410424503192
10 20 2.1 2.4   1.00762887238 0.00144175507011 0.000873315352067
20 25 0.0 0.9   0.9862024644 0.00131693122156 0.00130827822165
20 25 0.9 1.2   0.999234569533 0.00196416676421 0.00194101721632
20 25 1.2 2.1   1.0031908843 0.00103639178161 0.000292831609234
20 25 2.1 2.4   1.00464891352 0.0021843025938 0.00215997299306
25 30 0.0 0.9   0.993370286278 0.000469822376795 0.00046544641548
25 30 0.9 1.2   0.998902784637 0.000842220420174 0.00083000818807
25 30 1.2 2.1   0.998140970618 0.00047543801677 0.000469683062044
25 30 2.1 2.4   1.00156206018 0.00107605054065 0.00106393010432
30 35 0.0 0.9   0.996768819346 0.000256873329026 0.000253946094466
30 35 0.9 1.2   0.997492892443 0.000512476634314 0.000504581723738
30 35 1.2 2.1   0.998022947197 0.000325425305401 0.000321326551266
30 35 2.1 2.4   1.00220667892 0.000772059453427 0.000762532345845
35 40 0.0 0.9   0.997442382829 0.000162723096837 0.000161100454941
35 40 0.9 1.2   0.998633235305 0.000306198128266 0.0003009044621
35 40 1.2 2.1   0.998220167836 0.000228205490702 0.00022563049981
35 40 2.1 2.4   0.998205637346 0.000606602955896 0.000599746313891
40 50 0.0 0.9   0.998198010419 9.25162283466e-05 9.16780492256e-05
40 50 0.9 1.2   0.99810724692 0.000168626746004 0.000166730463473
40 50 1.2 2.1   0.998350291884 0.000130476809436 0.000129820684266
40 50 2.1 2.4   0.998660592368 0.000419398750764 0.000415340682445
50 60 0.0 0.9   0.995041805799 0.000294304227396 0.000291374669769
50 60 0.9 1.2   0.997018342883 0.000542592846175 0.000532865005029
50 60 1.2 2.1   0.994845625243 0.000413143762225 0.000408923679543
50 60 2.1 2.4   0.992784180151 0.00138458414944 0.00136811637029
60 90 0.0 0.9   0.987628409023 0.000626226634237 0.000620882894478
60 90 0.9 1.2   0.989447339964 0.0011756921793 0.00115813297795
60 90 1.2 2.1   0.984052544696 0.000944385083139 0.00093724204939
60 90 2.1 2.4   0.972010302563 0.00339766168877 0.0033729712704
90 140 0.0 0.9   0.998926292328 0.0023076094941 0.00228312980728
90 140 0.9 1.2   1.00105122689 0.00456504615633 0.00204453312021
90 140 1.2 2.1   1.00429862205 0.00212306318667 0.00140345942735
90 140 2.1 2.4   1.01574040111 0.0127411235391 0.00625238842089
140 300 0.0 0.9   1.00230988809 0.0149826310478 0.00985272800756
140 300 0.9 1.2   1.00430604383 0.013720527059 0.00432458584325
140 300 1.2 2.1   0.98537402128 0.0253279147559 0.0146259787365
140 300 2.1 2.4   0.948823376501 0.147476535304 0.0511766234986
