10 20 0.0 0.9   0.963643517924 0.00323401861821 0.00320910018349
10 20 0.9 1.2   0.963850533573 0.00356236498103 0.00353017851968
10 20 1.2 2.1   0.977631976574 0.00173200172616 0.00172290193936
10 20 2.1 2.4   1.06688690031 0.00412600695722 0.00409892779144
20 25 0.0 0.9   0.988643237368 0.0014872325709 0.00147908921397
20 25 0.9 1.2   0.987899669049 0.00205146336434 0.00203314108296
20 25 1.2 2.1   0.994508796984 0.000988184335521 0.000982531429767
20 25 2.1 2.4   1.05397476812 0.00250199681526 0.00248742269669
25 30 0.0 0.9   0.999383313732 0.000783312831667 0.000779389039621
25 30 0.9 1.2   1.00147584363 0.00130894540756 0.00129861384887
25 30 1.2 2.1   1.00207203892 0.000643282681911 0.000639668157681
25 30 2.1 2.4   1.04187105417 0.00168287604185 0.0016709243523
30 35 0.0 0.9   0.998655709693 0.000489618750821 0.000486705003388
30 35 0.9 1.2   1.00213211635 0.000901210399025 0.000894294501205
30 35 1.2 2.1   1.00289300399 0.000487355359468 0.000484423380483
30 35 2.1 2.4   1.02812749722 0.00124095303645 0.00123082724188
35 40 0.0 0.9   0.998344487569 0.000307760365635 0.000306037859242
35 40 0.9 1.2   1.00105023257 0.000535297796052 0.000530387170216
35 40 1.2 2.1   1.00184531204 0.000319893145765 0.000317997639395
35 40 2.1 2.4   1.02036051109 0.000917148238822 0.000907789382189
40 50 0.0 0.9   0.998169667151 0.000140770474792 0.000140095912861
40 50 0.9 1.2   1.00004986605 0.000229928992519 0.000227615906896
40 50 1.2 2.1   1.00000294414 0.000133645917414 0.000132654985083
40 50 2.1 2.4   1.00934163025 0.000475571836151 0.00047105250274
50 60 0.0 0.9   0.99906381197 0.00026705008166 0.000263624184357
50 60 0.9 1.2   0.999964173777 0.000441846502946 0.000430262441548
50 60 1.2 2.1   1.00011257623 0.000263873894922 0.000259242248417
50 60 2.1 2.4   1.00647775397 0.000897331387564 0.000875715853828
60 90 0.0 0.9   1.00043605512 0.000348005502637 0.000341158412835
60 90 0.9 1.2   1.00101227493 0.000620934880868 0.000592535339986
60 90 1.2 2.1   1.00037169484 0.000382188410873 0.000371649283043
60 90 2.1 2.4   1.00471548378 0.00128294245888 0.00123306442066
90 140 0.0 0.9   1.00080008919 0.000783756744377 0.000740408789563
90 140 0.9 1.2   1.00153364615 0.00122959369931 0.00109817439952
90 140 1.2 2.1   0.999769938901 0.000985825866983 0.000889132104938
90 140 2.1 2.4   0.999605862868 0.00320264383313 0.00283811657331
140 300 0.0 0.9   1.00188008471 0.00243203879818 0.00195454528742
140 300 0.9 1.2   0.998248497453 0.00457221505111 0.00731862654522
140 300 1.2 2.1   0.997082888406 0.00237767290425 0.00183954092462
140 300 2.1 2.4   1.01096438407 0.00649745450341 0.00430987044168
